x <- 103
y <- 30
x * y
